20181220 0150 001157 00030 0000000000 FOC
20181220 0015 002601 00030 0000000000 FOC
20181220 0034 002933 00030 0000000000 FOC
20181220 0007 003301 00030 0000000000 FOC
20181220 0069 003306 00030 0000000000 FOC
20181220 0007 003321 00030 0000000000 CPRP
20181220 0052 070320 00030 0000000000 FOC
20181220 0052 070320 00030 0000000000 Paid
20181220 0024 072213 00030 0000000000 Paid
20181220 0015 072246 00030 0000000000 FOC
20181220 0015 072246 00030 0000000000 Paid
20181220 0039 080105 00030 0000000000 FOC
20181220 0052 081528 00030 0000000000 FOC
20181220 0052 081528 00030 0000000000 Paid
20181220 0069 082107 00030 0000000000 Paid
20181220 0007 082919 00030 0000000000 FOC
20181220 0060 083158 00030 0000000000 FOC
20181220 0041 085007 00030 0000000000 FOC
20181220 0024 085215 00030 0000000000 Paid
20181220 0015 085556 00030 0000000000 FOC
20181220 0039 091754 00030 0000000000 FOC
20181220 0039 091754 00030 0000000000 Paid
20181220 0007 092509 00030 0000000000 CPRP
20181220 0007 092525 00030 0000000000 FOC
20181220 0060 093449 00030 0000000000 FOC
20181220 0018 093859 00030 0000000000 Paid
20181220 0052 094442 00030 0000000000 FOC
20181220 0052 094442 00030 0000000000 Paid
20181220 0053 094919 00030 0000000000 FOC
20181220 0015 095524 00030 0000000000 FOC
20181220 0058 095746 00030 0000000000 Paid
20181220 0150 101330 00030 0000000000 FOC
20181220 0150 101330 00030 0000000000 CPRP
20181220 0053 101548 00030 0000000000 Paid
20181220 0058 101953 00030 0000000000 Paid
20181220 0007 102055 00030 0000000000 CPRP
20181220 0052 102111 00030 0000000000 FOC
20181220 0052 102117 00030 0000000000 Paid
20181220 0015 104106 00030 0000000000 FOC
20181220 0015 104106 00030 0000000000 Paid
20181220 0034 104537 00030 0000000000 FOC
20181220 0039 104831 00030 0000000000 FOC
20181220 0039 104901 00030 0000000000 Paid
20181220 0053 111059 00030 0000000000 Paid
20181220 0015 111316 00030 0000000000 Paid
20181220 0015 111346 00030 0000000000 FOC
20181220 0034 111657 00030 0000000000 FOC
20181220 0150 111740 00030 0000000000 FOC
20181220 0007 112324 00030 0000000000 CPRP
20181220 0052 112339 00030 0000000000 FOC
20181220 0018 112631 00030 0000000000 Paid
20181220 0039 114445 00030 0000000000 FOC
20181220 0024 114606 00030 0000000000 Paid
20181220 0024 121026 00030 0000000000 Paid
20181220 0150 121400 00030 0000000000 FOC
20181220 0150 121400 00030 0000000000 CPRP
20181220 0053 121437 00030 0000000000 FOC
20181220 0069 121505 00030 0000000000 FOC
20181220 0034 122522 00030 0000000000 FOC
20181220 0052 123234 00030 0000000000 FOC
20181220 0039 124253 00030 0000000000 FOC
20181220 0039 124253 00030 0000000000 Paid
20181220 0041 124513 00030 0000000000 FOC
20181220 0007 124540 00030 0000000000 CPRP
20181220 0060 124649 00030 0000000000 FOC
20181220 0007 124658 00030 0000000000 FOC
20181220 0015 124822 00030 0000000000 FOC
20181220 0015 124822 00030 0000000000 Paid
20181220 0018 125509 00030 0000000000 Paid
20181220 0007 132430 00030 0000000000 FOC
20181220 0007 132653 00030 0000000000 CPRP
20181220 0060 132703 00030 0000000000 FOC
20181220 0039 133116 00030 0000000000 FOC
20181220 0069 133202 00030 0000000000 FOC
20181220 0034 133436 00030 0000000000 FOC
20181220 0150 134124 00030 0000000000 FOC
20181220 0024 134424 00030 0000000000 Paid
20181220 0053 134500 00030 0000000000 Paid
20181220 0015 134949 00030 0000000000 FOC
20181220 0015 134949 00030 0000000000 Paid
20181220 0039 140709 00030 0000000000 FOC
20181220 0039 140709 00030 0000000000 Paid
20181220 0069 141157 00030 0000000000 FOC
20181220 0150 141335 00030 0000000000 FOC
20181220 0007 143232 00030 0000000000 CPRP
20181220 0007 143247 00030 0000000000 FOC
20181220 0060 143826 00030 0000000000 FOC
20181220 0015 144551 00030 0000000000 Paid
20181220 0034 144644 00030 0000000000 FOC
20181220 0015 144726 00030 0000000000 FOC
20181220 0053 145102 00030 0000000000 Paid
20181220 0024 145742 00030 0000000000 Paid
20181220 0150 150641 00030 0000000000 FOC
20181220 0150 150641 00030 0000000000 CPRP
20181220 0007 152111 00030 0000000000 FOC
20181220 0069 152200 00030 0000000000 Paid
20181220 0007 152233 00030 0000000000 CPRP
20181220 0024 152348 00030 0000000000 Paid
20181220 0069 152519 00030 0000000000 FOC
20181220 0058 152732 00030 0000000000 Paid
20181220 0052 153359 00030 0000000000 FOC
20181220 0039 153400 00030 0000000000 FOC
20181220 0039 153400 00030 0000000000 Paid
20181220 0060 154452 00030 0000000000 FOC
20181220 0034 154552 00030 0000000000 FOC
20181220 0015 155543 00030 0000000000 FOC
20181220 0039 160905 00030 0000000000 FOC
20181220 0150 162157 00030 0000000000 FOC
20181220 0150 162157 00030 0000000000 CPRP
20181220 0034 162628 00030 0000000000 FOC
20181220 0060 162818 00030 0000000000 FOC
20181220 0069 163126 00030 0000000000 FOC
20181220 0069 163126 00030 0000000000 Paid
20181220 0052 163626 00030 0000000000 FOC
20181220 0015 163810 00030 0000000000 FOC
20181220 0007 163835 00030 0000000000 FOC
20181220 0007 163850 00030 0000000000 CPRP
20181220 0034 164353 00030 0000000000 Paid
20181220 0024 164541 00030 0000000000 Paid
20181220 0039 170752 00030 0000000000 FOC
20181220 0039 170752 00030 0000000000 Paid
20181220 0069 173439 00030 0000000000 FOC
20181220 0069 173439 00030 0000000000 Paid
20181220 0034 173457 00030 0000000000 Paid
20181220 0034 173457 00030 0000000000 FOC
20181220 0007 173545 00030 0000000000 CPRP
20181220 0007 173725 00030 0000000000 FOC
20181220 0015 174529 00030 0000000000 FOC
20181220 0015 174539 00030 0000000000 Paid
20181220 0060 174609 00030 0000000000 FOC
20181220 0041 174807 00030 0000000000 FOC
20181220 0053 175026 00030 0000000000 FOC
20181220 0052 175214 00030 0000000000 FOC
20181220 0150 175555 00030 0000000000 FOC
20181220 0150 175555 00030 0000000000 CPRP
20181220 0039 181232 00030 0000000000 FOC
20181220 0039 181232 00030 0000000000 Paid
20181220 0150 181717 00030 0000000000 FOC
20181220 0150 181717 00030 0000000000 CPRP
20181220 0034 182212 00030 0000000000 FOC
20181220 0007 183329 00030 0000000000 FOC
20181220 0007 183329 00030 0000000000 CPRP
20181220 0069 183653 00030 0000000000 FOC
20181220 0069 183653 00030 0000000000 Paid
20181220 0034 184147 00030 0000000000 Paid
20181220 0015 184544 00030 0000000000 FOC
20181220 0052 185247 00030 0000000000 Paid
20181220 0052 185258 00030 0000000000 FOC
20181220 0041 185554 00030 0000000000 Paid
20181220 0053 185634 00030 0000000000 FOC
20181220 0035 190824 00030 0000000000 Paid
20181220 0007 191302 00030 0000000000 FOC
20181220 0007 191302 00030 0000000000 CPRP
20181220 0015 191424 00030 0000000000 FOC
20181220 0150 191640 00030 0000000000 FOC
20181220 0150 191640 00030 0000000000 CPRP
20181220 0024 191929 00030 0000000000 Paid
20181220 0052 192137 00030 0000000000 FOC
20181220 0052 192137 00030 0000000000 Paid
20181220 0058 193057 00030 0000000000 Paid
20181220 0018 193129 00030 0000000000 Paid
20181220 0039 193153 00030 0000000000 FOC
20181220 0039 193346 00030 0000000000 Paid
20181220 0034 193613 00030 0000000000 FOC
20181220 0053 195044 00030 0000000000 FOC
20181220 0039 201155 00030 0000000000 FOC
20181220 0015 201343 00030 0000000000 Paid
20181220 0015 201403 00030 0000000000 FOC
20181220 0055 201506 00030 0000000000 Paid
20181220 0058 201519 00030 0000000000 Paid
20181220 0150 201626 00030 0000000000 FOC
20181220 0150 201626 00030 0000000000 CPRP
20181220 0007 202423 00030 0000000000 CPRP
20181220 0034 202557 00030 0000000000 FOC
20181220 0007 202613 00030 0000000000 FOC
20181220 0052 203535 00030 0000000000 Paid
20181220 0052 203605 00030 0000000000 FOC
20181220 0053 204118 00030 0000000000 FOC
20181220 0035 204632 00030 0000000000 Paid
20181220 0018 210336 00030 0000000000 Paid
20181220 0035 210610 00030 0000000000 Paid
20181220 0039 211050 00030 0000000000 FOC
20181220 0039 211050 00030 0000000000 Paid
20181220 0053 211527 00030 0000000000 FOC
20181220 0150 213351 00030 0000000000 FOC
20181220 0150 213351 00030 0000000000 CPRP
20181220 0055 213418 00030 0000000000 Paid
20181220 0058 213458 00030 0000000000 Paid
20181220 0052 213606 00030 0000000000 Paid
20181220 0052 213616 00030 0000000000 FOC
20181220 0007 213750 00030 0000000000 CPRP
20181220 0007 213805 00030 0000000000 FOC
20181220 0034 214014 00030 0000000000 FOC
20181220 0015 215617 00030 0000000000 FOC
20181220 0069 221022 00030 0000000000 Paid
20181220 0015 221420 00030 0000000000 FOC
20181220 0150 221655 00030 0000000000 FOC
20181220 0150 221655 00030 0000000000 CPRP
20181220 0024 222511 00030 0000000000 Paid
20181220 0052 223019 00030 0000000000 FOC
20181220 0052 223059 00030 0000000000 Paid
20181220 0007 223800 00030 0000000000 FOC
20181220 0007 223800 00030 0000000000 CPRP
20181220 0055 224427 00030 0000000000 Paid
20181220 0018 224556 00030 0000000000 Paid
20181220 0034 224625 00030 0000000000 FOC
20181220 0053 225147 00030 0000000000 FOC
20181220 0053 225147 00030 0000000000 Paid
20181220 0039 225318 00030 0000000000 FOC
20181220 0034 231618 00030 0000000000 FOC
20181220 0007 233432 00030 0000000000 CPRP
20181220 0007 233618 00030 0000000000 FOC
20181220 0015 234814 00030 0000000000 FOC
20181220 0039 235225 00030 0000000000 FOC
20181220 0150 235347 00030 0000000000 FOC
20181220 0150 235347 00030 0000000000 CPRP
20181220 0053 235835 00030 0000000000 Paid
20181220 0053 235855 00030 0000000000 FOC
20181221 0015 001003 00030 0000000000 FOC
20181221 0007 003937 00030 0000000000 CPRP
20181221 0069 005003 00030 0000000000 Paid
20181221 0052 070508 00030 0000000000 FOC
20181221 0052 070508 00030 0000000000 Paid
20181221 0015 073737 00030 0000000000 FOC
20181221 0052 081039 00030 0000000000 FOC
20181221 0052 081148 00030 0000000000 Paid
20181221 0039 084638 00030 0000000000 FOC
20181221 0030 085127 00030 0000000000 Paid
20181221 0039 085246 00030 0000000000 Paid
20181221 0015 085250 00030 0000000000 FOC
20181221 0015 085250 00030 0000000000 Paid
20181221 0069 085605 00030 0000000000 Paid
20181221 0018 090530 00030 0000000000 Paid
20181221 0052 094052 00030 0000000000 FOC
20181221 0015 094432 00030 0000000000 FOC
20181221 0058 094631 00030 0000000000 Paid
20181221 0007 094825 00030 0000000000 CPRP
20181221 0039 095252 00030 0000000000 FOC
20181221 0039 100910 00030 0000000000 FOC
20181221 0039 100910 00030 0000000000 Paid
20181221 0052 101122 00030 0000000000 FOC
20181221 0018 101455 00030 0000000000 Paid
20181221 0007 101654 00030 0000000000 CPRP
20181221 0058 104148 00030 0000000000 Paid
20181221 0034 104303 00030 0000000000 FOC
20181221 0015 104625 00030 0000000000 FOC
20181221 0015 104625 00030 0000000000 Paid
20181221 0150 105533 00030 0000000000 FOC
20181221 0150 105533 00030 0000000000 CPRP
20181221 0150 111736 00030 0000000000 FOC
20181221 0034 112149 00030 0000000000 FOC
20181221 0052 112259 00030 0000000000 FOC
20181221 0007 112337 00030 0000000000 CPRP
20181221 0039 113604 00030 0000000000 FOC
20181221 0039 113744 00030 0000000000 Paid
20181221 0015 114400 00030 0000000000 Paid
20181221 0015 114554 00030 0000000000 FOC
20181221 0018 115612 00030 0000000000 Paid
20181221 0150 120756 00030 0000000000 FOC
20181221 0150 120756 00030 0000000000 CPRP
20181221 0039 124251 00030 0000000000 FOC
20181221 0069 124321 00030 0000000000 Paid
20181221 0052 124332 00030 0000000000 FOC
20181221 0015 124359 00030 0000000000 FOC
20181221 0041 124456 00030 0000000000 FOC
20181221 0007 124510 00030 0000000000 CPRP
20181221 0015 124634 00030 0000000000 Paid
20181221 0069 124702 00030 0000000000 FOC
20181221 0034 125021 00030 0000000000 FOC
20181221 0007 131747 00030 0000000000 CPRP
20181221 0034 132711 00030 0000000000 FOC
20181221 0015 133306 00030 0000000000 FOC
20181221 0015 133331 00030 0000000000 Paid
20181221 0069 134526 00030 0000000000 Paid
20181221 0069 134651 00030 0000000000 FOC
20181221 0150 135119 00030 0000000000 FOC
20181221 0039 135315 00030 0000000000 FOC
20181221 0069 141130 00030 0000000000 Paid
20181221 0015 142003 00030 0000000000 Paid
20181221 0015 142043 00030 0000000000 FOC
20181221 0034 142411 00030 0000000000 Paid
20181221 0024 143623 00030 0000000000 Paid
20181221 0007 143805 00030 0000000000 CPRP
20181221 0039 144746 00030 0000000000 FOC
20181221 0039 151045 00030 0000000000 FOC
20181221 0024 151328 00030 0000000000 Paid
20181221 0039 151347 00030 0000000000 Paid
20181221 0058 151623 00030 0000000000 Paid
20181221 0150 152259 00030 0000000000 FOC
20181221 0150 152259 00030 0000000000 CPRP
20181221 0034 152703 00030 0000000000 FOC
20181221 0007 154613 00030 0000000000 CPRP
20181221 0007 154629 00030 0000000000 FOC
20181221 0069 154716 00030 0000000000 FOC
20181221 0069 154716 00030 0000000000 Paid
20181221 0060 155056 00030 0000000000 FOC
20181221 0052 155133 00030 0000000000 FOC
20181221 0015 155526 00030 0000000000 FOC
20181221 0034 161844 00030 0000000000 FOC
20181221 0069 161950 00030 0000000000 Paid
20181221 0150 162247 00030 0000000000 FOC
20181221 0150 162247 00030 0000000000 CPRP
20181221 0052 162501 00030 0000000000 FOC
20181221 0007 162822 00030 0000000000 CPRP
20181221 0039 163219 00030 0000000000 FOC
20181221 0024 163337 00030 0000000000 Paid
20181221 0007 163613 00030 0000000000 FOC
20181221 0060 163829 00030 0000000000 FOC
20181221 0069 164750 00030 0000000000 FOC
20181221 0015 165245 00030 0000000000 FOC
20181221 0039 171124 00030 0000000000 Paid
20181221 0039 171341 00030 0000000000 FOC
20181221 0052 172645 00030 0000000000 FOC
20181221 0034 172851 00030 0000000000 FOC
20181221 0015 174312 00030 0000000000 FOC
20181221 0015 174312 00030 0000000000 Paid
20181221 0007 174707 00030 0000000000 CPRP
20181221 0069 174935 00030 0000000000 FOC
20181221 0069 174935 00030 0000000000 Paid
20181221 0041 175133 00030 0000000000 FOC
20181221 0053 175137 00030 0000000000 FOC
20181221 0150 175549 00030 0000000000 FOC
20181221 0150 175549 00030 0000000000 CPRP
20181221 0024 175655 00030 0000000000 Paid
20181221 0039 182122 00030 0000000000 Paid
20181221 0039 182232 00030 0000000000 FOC
20181221 0034 182319 00030 0000000000 Paid
20181221 0034 182545 00030 0000000000 FOC
20181221 0150 182627 00030 0000000000 FOC
20181221 0150 182627 00030 0000000000 CPRP
20181221 0007 182749 00030 0000000000 FOC
20181221 0007 183149 00030 0000000000 CPRP
20181221 0053 183446 00030 0000000000 FOC
20181221 0024 184126 00030 0000000000 Paid
20181221 0015 184608 00030 0000000000 FOC
20181221 0069 184758 00030 0000000000 FOC
20181221 0069 184758 00030 0000000000 Paid
20181221 0018 185116 00030 0000000000 Paid
20181221 0041 185227 00030 0000000000 Paid
20181221 0030 185303 00030 0000000000 Paid
20181221 0052 185516 00030 0000000000 FOC
20181221 0039 191210 00030 0000000000 FOC
20181221 0053 191329 00030 0000000000 FOC
20181221 0007 191347 00030 0000000000 FOC
20181221 0007 191347 00030 0000000000 CPRP
20181221 0052 191950 00030 0000000000 FOC
20181221 0052 191950 00030 0000000000 Paid
20181221 0015 192540 00030 0000000000 FOC
20181221 0058 192638 00030 0000000000 Paid
20181221 0034 193827 00030 0000000000 FOC
20181221 0069 194419 00030 0000000000 Paid
20181221 0024 194733 00030 0000000000 Paid
20181221 0150 195433 00030 0000000000 FOC
20181221 0150 195433 00030 0000000000 CPRP
20181221 0069 200151 00030 0000000000 Paid
20181221 0015 200854 00030 0000000000 Paid
20181221 0015 200914 00030 0000000000 FOC
20181221 0007 200934 00030 0000000000 CPRP
20181221 0007 200954 00030 0000000000 FOC
20181221 0053 202104 00030 0000000000 FOC
20181221 0150 202236 00030 0000000000 FOC
20181221 0150 202236 00030 0000000000 CPRP
20181221 0058 203712 00030 0000000000 Paid
20181221 0052 204021 00030 0000000000 FOC
20181221 0034 204025 00030 0000000000 FOC
20181221 0039 205017 00030 0000000000 FOC
20181221 0058 211210 00030 0000000000 Paid
20181221 0034 212246 00030 0000000000 FOC
20181221 0034 213207 00030 0000000000 Paid
20181221 0039 213506 00030 0000000000 FOC
20181221 0069 214328 00030 0000000000 Paid
20181221 0007 214638 00030 0000000000 CPRP
20181221 0007 214648 00030 0000000000 FOC
20181221 0052 215109 00030 0000000000 FOC
20181221 0053 215123 00030 0000000000 FOC
20181221 0052 215124 00030 0000000000 Paid
20181221 0150 215211 00030 0000000000 FOC
20181221 0150 215211 00030 0000000000 CPRP
20181221 0018 215448 00030 0000000000 Paid
20181221 0015 215638 00030 0000000000 FOC
20181221 0052 220238 00030 0000000000 FOC
20181221 0052 220238 00030 0000000000 Paid
20181221 0055 220432 00030 0000000000 Paid
20181221 0007 223025 00030 0000000000 CPRP
20181221 0007 223144 00030 0000000000 FOC
20181221 0150 223248 00030 0000000000 FOC
20181221 0150 223248 00030 0000000000 CPRP
20181221 0034 224024 00030 0000000000 FOC
20181221 0039 224627 00030 0000000000 FOC
20181221 0053 225322 00030 0000000000 FOC
20181221 0015 225620 00030 0000000000 FOC
20181221 0053 225746 00030 0000000000 Paid
20181221 0007 232637 00030 0000000000 FOC
20181221 0007 232652 00030 0000000000 CPRP
20181221 0039 233307 00030 0000000000 FOC
20181221 0015 233602 00030 0000000000 FOC
20181221 0034 233938 00030 0000000000 FOC
20181221 0150 235059 00030 0000000000 FOC
20181221 0150 235059 00030 0000000000 CPRP
20181221 0053 235352 00030 0000000000 FOC
20181222 0015 003232 00030 0000000000 FOC
20181222 0007 004227 00030 0000000000 CPRP
20181222 0052 070405 00030 0000000000 FOC
20181222 0052 070405 00030 0000000000 Paid
20181222 0039 070711 00030 0000000000 Paid
20181222 0024 073917 00030 0000000000 Paid
20181222 0015 074506 00030 0000000000 FOC
20181222 0052 080635 00030 0000000000 FOC
20181222 0024 081555 00030 0000000000 Paid
20181222 0015 083847 00030 0000000000 FOC
20181222 0015 083847 00030 0000000000 Paid
20181222 0052 084505 00030 0000000000 Paid
20181222 0007 093713 00030 0000000000 CPRP
20181222 0015 094401 00030 0000000000 FOC
20181222 0015 094401 00030 0000000000 Paid
20181222 0052 095013 00030 0000000000 Paid
20181222 0052 095228 00030 0000000000 FOC
20181222 0007 100033 00030 0000000000 CPRP
20181222 0034 103227 00030 0000000000 FOC
20181222 0015 104446 00030 0000000000 FOC
20181222 0052 104747 00030 0000000000 Paid
20181222 0052 104803 00030 0000000000 FOC
20181222 0015 105014 00030 0000000000 Paid
20181222 0150 105701 00030 0000000000 FOC
20181222 0150 105701 00030 0000000000 CPRP
20181222 0007 111156 00030 0000000000 CPRP
20181222 0150 112140 00030 0000000000 FOC
20181222 0069 112757 00030 0000000000 Paid
20181222 0024 113245 00030 0000000000 Paid
20181222 0034 114038 00030 0000000000 FOC
20181222 0052 114620 00030 0000000000 FOC
20181222 0015 115737 00030 0000000000 FOC
20181222 0015 115737 00030 0000000000 Paid
20181222 0039 121443 00030 0000000000 FOC
20181222 0052 122545 00030 0000000000 FOC
20181222 0030 122741 00030 0000000000 Paid
20181222 0007 123008 00030 0000000000 CPRP
20181222 0015 123345 00030 0000000000 FOC
20181222 0015 123345 00030 0000000000 Paid
20181222 0150 124129 00030 0000000000 CPRP
20181222 0069 124655 00030 0000000000 Paid
20181222 0041 125429 00030 0000000000 FOC
20181222 0015 132554 00030 0000000000 FOC
20181222 0015 132554 00030 0000000000 Paid
20181222 0039 133314 00030 0000000000 FOC
20181222 0069 133918 00030 0000000000 Paid
20181222 0024 133949 00030 0000000000 Paid
20181222 0007 133953 00030 0000000000 CPRP
20181222 0024 140410 00030 0000000000 Paid
20181222 0039 140427 00030 0000000000 Paid
20181222 0039 140444 00030 0000000000 FOC
20181222 0069 142332 00030 0000000000 Paid
20181222 0007 143253 00030 0000000000 CPRP
20181222 0015 145235 00030 0000000000 FOC
20181222 0053 145758 00030 0000000000 Paid
20181222 0007 152327 00030 0000000000 CPRP
20181222 0058 152905 00030 0000000000 Paid
20181222 0024 153805 00030 0000000000 Paid
20181222 0069 154331 00030 0000000000 FOC
20181222 0069 154331 00030 0000000000 Paid
20181222 0150 154538 00030 0000000000 FOC
20181222 0150 154538 00030 0000000000 CPRP
20181222 0052 154633 00030 0000000000 FOC
20181222 0052 154633 00030 0000000000 Paid
20181222 0039 155023 00030 0000000000 Paid
20181222 0039 155540 00030 0000000000 FOC
20181222 0015 155815 00030 0000000000 FOC
20181222 0007 162129 00030 0000000000 CPRP
20181222 0069 162215 00030 0000000000 Paid
20181222 0150 162416 00030 0000000000 CPRP
20181222 0015 163339 00030 0000000000 FOC
20181222 0039 164342 00030 0000000000 Paid
20181222 0039 165051 00030 0000000000 FOC
20181222 0052 165601 00030 0000000000 FOC
20181222 0052 170641 00030 0000000000 FOC
20181222 0150 171315 00030 0000000000 CPRP
20181222 0069 171443 00030 0000000000 Paid
20181222 0007 172247 00030 0000000000 CPRP
20181222 0015 174127 00030 0000000000 FOC
20181222 0030 174245 00030 0000000000 Paid
20181222 0015 174525 00030 0000000000 Paid
20181222 0039 174719 00030 0000000000 Paid
20181222 0039 175126 00030 0000000000 FOC
20181222 0041 175226 00030 0000000000 FOC
20181222 0053 175934 00030 0000000000 FOC
20181222 0039 180718 00030 0000000000 Paid
20181222 0039 180918 00030 0000000000 FOC
20181222 0015 181005 00030 0000000000 FOC
20181222 0069 181621 00030 0000000000 Paid
20181222 0069 181959 00030 0000000000 FOC
20181222 0150 182016 00030 0000000000 FOC
20181222 0150 182016 00030 0000000000 CPRP
20181222 0034 182231 00030 0000000000 FOC
20181222 0030 182744 00030 0000000000 Paid
20181222 0007 182943 00030 0000000000 CPRP
20181222 0007 183005 00030 0000000000 FOC
20181222 0053 183011 00030 0000000000 FOC
20181222 0052 185036 00030 0000000000 FOC
20181222 0052 185036 00030 0000000000 Paid
20181222 0018 185457 00030 0000000000 Paid
20181222 0035 190844 00030 0000000000 Paid
20181222 0058 191409 00030 0000000000 Paid
20181222 0069 191752 00030 0000000000 Paid
20181222 0034 191844 00030 0000000000 FOC
20181222 0039 192457 00030 0000000000 FOC
20181222 0015 192929 00030 0000000000 FOC
20181222 0007 193204 00030 0000000000 CPRP
20181222 0052 193322 00030 0000000000 FOC
20181222 0007 193610 00030 0000000000 FOC
20181222 0150 195219 00030 0000000000 FOC
20181222 0150 195219 00030 0000000000 CPRP
20181222 0053 195907 00030 0000000000 FOC
20181222 0053 201641 00030 0000000000 FOC
20181222 0034 201656 00030 0000000000 Paid
20181222 0034 201656 00030 0000000000 FOC
20181222 0052 202226 00030 0000000000 FOC
20181222 0039 202637 00030 0000000000 FOC
20181222 0039 202637 00030 0000000000 Paid
20181222 0007 202948 00030 0000000000 CPRP
20181222 0007 203427 00030 0000000000 FOC
20181222 0058 203504 00030 0000000000 Paid
20181222 0015 204323 00030 0000000000 FOC
20181222 0015 204534 00030 0000000000 Paid
20181222 0069 204537 00030 0000000000 Paid
20181222 0150 205201 00030 0000000000 FOC
20181222 0150 205201 00030 0000000000 CPRP
20181222 0150 211545 00030 0000000000 FOC
20181222 0150 211545 00030 0000000000 CPRP
20181222 0007 213207 00030 0000000000 CPRP
20181222 0007 213232 00030 0000000000 FOC
20181222 0058 213358 00030 0000000000 Paid
20181222 0034 214018 00030 0000000000 FOC
20181222 0069 214658 00030 0000000000 Paid
20181222 0053 214702 00030 0000000000 FOC
20181222 0052 214710 00030 0000000000 Paid
20181222 0052 214722 00030 0000000000 FOC
20181222 0039 215513 00030 0000000000 FOC
20181222 0015 215739 00030 0000000000 FOC
20181222 0034 220108 00030 0000000000 Paid
20181222 0150 221810 00030 0000000000 FOC
20181222 0150 221810 00030 0000000000 CPRP
20181222 0015 222201 00030 0000000000 FOC
20181222 0055 222434 00030 0000000000 Paid
20181222 0034 223442 00030 0000000000 FOC
20181222 0052 223444 00030 0000000000 FOC
20181222 0007 223800 00030 0000000000 FOC
20181222 0007 223800 00030 0000000000 CPRP
20181222 0052 224036 00030 0000000000 Paid
20181222 0039 225007 00030 0000000000 FOC
20181222 0039 225232 00030 0000000000 Paid
20181222 0034 232242 00030 0000000000 FOC
20181222 0015 232844 00030 0000000000 FOC
20181222 0007 233046 00030 0000000000 CPRP
20181222 0007 233258 00030 0000000000 FOC
20181222 0150 235207 00030 0000000000 FOC
20181222 0150 235207 00030 0000000000 CPRP
20181222 0039 235735 00030 0000000000 FOC
20181223 0015 001221 00030 0000000000 FOC
20181223 0069 002807 00030 0000000000 Paid
20181223 0024 004233 00030 0000000000 Paid
20181223 0007 004740 00030 0000000000 CPRP
20181223 0052 073528 00030 0000000000 Paid
20181223 0052 073534 00030 0000000000 FOC
20181223 0015 074511 00030 0000000000 FOC
20181223 0024 075446 00030 0000000000 Paid
20181223 0015 081238 00030 0000000000 FOC
20181223 0015 081238 00030 0000000000 Paid
20181223 0052 081857 00030 0000000000 FOC
20181223 0052 093221 00030 0000000000 FOC
20181223 0015 094137 00030 0000000000 FOC
20181223 0015 094137 00030 0000000000 Paid
20181223 0007 095946 00030 0000000000 CPRP
20181223 0150 100358 00030 0000000000 FOC
20181223 0150 100358 00030 0000000000 CPRP
20181223 0007 104256 00030 0000000000 CPRP
20181223 0069 104533 00030 0000000000 Paid
20181223 0034 104631 00030 0000000000 FOC
20181223 0015 104642 00030 0000000000 FOC
20181223 0015 104652 00030 0000000000 Paid
20181223 0052 104657 00030 0000000000 FOC
20181223 0052 104657 00030 0000000000 Paid
20181223 0030 111010 00030 0000000000 Paid
20181223 0150 111239 00030 0000000000 FOC
20181223 0069 111340 00030 0000000000 Paid
20181223 0007 112035 00030 0000000000 CPRP
20181223 0024 112149 00030 0000000000 Paid
20181223 0015 114330 00030 0000000000 FOC
20181223 0015 114330 00030 0000000000 Paid
20181223 0052 114431 00030 0000000000 FOC
20181223 0150 121556 00030 0000000000 CPRP
20181223 0007 123010 00030 0000000000 CPRP
20181223 0052 124348 00030 0000000000 FOC
20181223 0069 124704 00030 0000000000 Paid
20181223 0015 125400 00030 0000000000 FOC
20181223 0015 125515 00030 0000000000 Paid
20181223 0041 125933 00030 0000000000 FOC
20181223 0015 130948 00030 0000000000 FOC
20181223 0015 131248 00030 0000000000 Paid
20181223 0069 131632 00030 0000000000 Paid
20181223 0007 133239 00030 0000000000 CPRP
20181223 0069 141706 00030 0000000000 Paid
20181223 0007 143614 00030 0000000000 CPRP
20181223 0015 145626 00030 0000000000 FOC
20181223 0039 145824 00030 0000000000 Paid
20181223 0030 150856 00030 0000000000 Paid
20181223 0039 151150 00030 0000000000 FOC
20181223 0150 152227 00030 0000000000 CPRP
20181223 0015 152500 00030 0000000000 FOC
20181223 0058 152807 00030 0000000000 Paid
20181223 0052 152840 00030 0000000000 FOC
20181223 0069 154526 00030 0000000000 Paid
20181223 0007 154536 00030 0000000000 CPRP
20181223 0007 161419 00030 0000000000 CPRP
20181223 0069 161635 00030 0000000000 Paid
20181223 0058 162803 00030 0000000000 Paid
20181223 0150 163309 00030 0000000000 CPRP
20181223 0052 164533 00030 0000000000 FOC
20181223 0052 164533 00030 0000000000 Paid
20181223 0039 164728 00030 0000000000 Paid
20181223 0039 165259 00030 0000000000 FOC
20181223 0015 165845 00030 0000000000 FOC
20181223 0150 171629 00030 0000000000 CPRP
20181223 0052 171941 00030 0000000000 Paid
20181223 0039 173123 00030 0000000000 Paid
20181223 0015 173258 00030 0000000000 FOC
20181223 0015 173258 00030 0000000000 Paid
20181223 0041 173331 00030 0000000000 Paid
20181223 0041 173406 00030 0000000000 FOC
20181223 0007 174421 00030 0000000000 CPRP
20181223 0069 174631 00030 0000000000 Paid
20181223 0052 174837 00030 0000000000 FOC
20181223 0055 175100 00030 0000000000 Paid
20181223 0053 175740 00030 0000000000 FOC
20181223 0030 180324 00030 0000000000 Paid
20181223 0039 180500 00030 0000000000 FOC
20181223 0053 181010 00030 0000000000 FOC
20181223 0024 182026 00030 0000000000 Paid
20181223 0069 182239 00030 0000000000 FOC
20181223 0069 182302 00030 0000000000 Paid
20181223 0150 182621 00030 0000000000 FOC
20181223 0150 182621 00030 0000000000 CPRP
20181223 0052 183035 00030 0000000000 Paid
20181223 0052 183151 00030 0000000000 FOC
20181223 0007 183350 00030 0000000000 FOC
20181223 0007 183350 00030 0000000000 CPRP
20181223 0034 183726 00030 0000000000 FOC
20181223 0015 184640 00030 0000000000 FOC
20181223 0041 185851 00030 0000000000 Paid
20181223 0053 190235 00030 0000000000 FOC
20181223 0035 190846 00030 0000000000 Paid
20181223 0058 191136 00030 0000000000 Paid
20181223 0150 192223 00030 0000000000 FOC
20181223 0150 192223 00030 0000000000 CPRP
20181223 0039 193039 00030 0000000000 FOC
20181223 0052 193207 00030 0000000000 FOC
20181223 0052 193600 00030 0000000000 Paid
20181223 0015 193857 00030 0000000000 FOC
20181223 0034 194127 00030 0000000000 FOC
20181223 0007 194223 00030 0000000000 FOC
20181223 0007 194359 00030 0000000000 CPRP
20181223 0052 201915 00030 0000000000 FOC
20181223 0052 201929 00030 0000000000 Paid
20181223 0007 202705 00030 0000000000 FOC
20181223 0034 202756 00030 0000000000 FOC
20181223 0007 202851 00030 0000000000 CPRP
20181223 0150 203434 00030 0000000000 FOC
20181223 0150 203434 00030 0000000000 CPRP
20181223 0058 203555 00030 0000000000 Paid
20181223 0053 204025 00030 0000000000 FOC
20181223 0015 205322 00030 0000000000 FOC
20181223 0039 205628 00030 0000000000 FOC
20181223 0015 211427 00030 0000000000 FOC
20181223 0058 211742 00030 0000000000 Paid
20181223 0024 213238 00030 0000000000 Paid
20181223 0150 213437 00030 0000000000 FOC
20181223 0150 213437 00030 0000000000 CPRP
20181223 0034 213559 00030 0000000000 FOC
20181223 0052 213649 00030 0000000000 FOC
20181223 0007 213808 00030 0000000000 CPRP
20181223 0007 214320 00030 0000000000 FOC
20181223 0053 215313 00030 0000000000 FOC
20181223 0039 215535 00030 0000000000 FOC
20181223 0007 221722 00030 0000000000 FOC
20181223 0007 221845 00030 0000000000 CPRP
20181223 0052 223405 00030 0000000000 Paid
20181223 0052 223747 00030 0000000000 FOC
20181223 0015 224627 00030 0000000000 FOC
20181223 0034 225034 00030 0000000000 Paid
20181223 0034 225034 00030 0000000000 FOC
20181223 0039 225155 00030 0000000000 Paid
20181223 0150 225256 00030 0000000000 FOC
20181223 0150 225256 00030 0000000000 CPRP
20181223 0039 225547 00030 0000000000 FOC
20181223 0039 231111 00030 0000000000 FOC
20181223 0034 231501 00030 0000000000 FOC
20181223 0150 231900 00030 0000000000 FOC
20181223 0150 231900 00030 0000000000 CPRP
20181223 0007 232038 00030 0000000000 CPRP
20181223 0015 233738 00030 0000000000 FOC
20181224 0015 001101 00030 0000000000 FOC
20181224 0069 004043 00030 0000000000 Paid
20181224 0052 070314 00030 0000000000 FOC
20181224 0052 070314 00030 0000000000 Paid
20181224 0015 075715 00030 0000000000 FOC
20181224 0015 075715 00030 0000000000 Paid
20181224 0024 080734 00030 0000000000 Paid
20181224 0039 082733 00030 0000000000 Paid
20181224 0015 083151 00030 0000000000 FOC
20181224 0015 083151 00030 0000000000 Paid
20181224 0052 084256 00030 0000000000 FOC
20181224 0052 084302 00030 0000000000 Paid
20181224 0034 084337 00030 0000000000 Paid
20181224 0069 084519 00030 0000000000 Paid
20181224 0034 085347 00030 0000000000 Paid
20181224 0030 085348 00030 0000000000 Paid
20181224 0015 090649 00030 0000000000 FOC
20181224 0015 090649 00030 0000000000 Paid
20181224 0007 091918 00030 0000000000 CPRP
20181224 0052 094803 00030 0000000000 FOC
20181224 0052 095306 00030 0000000000 Paid
20181224 0039 100501 00030 0000000000 Paid
20181224 0015 100900 00030 0000000000 Paid
20181224 0015 101223 00030 0000000000 FOC
20181224 0150 101435 00030 0000000000 CPRP
20181224 0018 101649 00030 0000000000 Paid
20181224 0069 101831 00030 0000000000 Paid
20181224 0007 102141 00030 0000000000 CPRP
20181224 0052 104300 00030 0000000000 FOC
20181224 0052 104300 00030 0000000000 Paid
20181224 0030 110701 00030 0000000000 Paid
20181224 0007 111110 00030 0000000000 CPRP
20181224 0069 111644 00030 0000000000 Paid
20181224 0024 112236 00030 0000000000 Paid
20181224 0052 114419 00030 0000000000 Paid
20181224 0052 114434 00030 0000000000 FOC
20181224 0015 115359 00030 0000000000 FOC
20181224 0015 115424 00030 0000000000 Paid
20181224 0015 120850 00030 0000000000 Paid
20181224 0015 121456 00030 0000000000 FOC
20181224 0150 121655 00030 0000000000 CPRP
20181224 0052 123318 00030 0000000000 FOC
20181224 0007 123846 00030 0000000000 CPRP
20181224 0069 124558 00030 0000000000 Paid
20181224 0015 132015 00030 0000000000 Paid
20181224 0015 132102 00030 0000000000 FOC
20181224 0007 135241 00030 0000000000 CPRP
20181224 0053 135913 00030 0000000000 Paid
20181224 0039 140415 00030 0000000000 Paid
20181224 0069 141255 00030 0000000000 Paid
20181224 0053 141451 00030 0000000000 Paid
20181224 0015 144413 00030 0000000000 FOC
20181224 0015 144413 00030 0000000000 Paid
20181224 0007 144543 00030 0000000000 CPRP
20181224 0030 145329 00030 0000000000 Paid
20181224 0039 150800 00030 0000000000 Paid
20181224 0015 151230 00030 0000000000 FOC
20181224 0015 151230 00030 0000000000 Paid
20181224 0058 151321 00030 0000000000 Paid
20181224 0024 151708 00030 0000000000 Paid
20181224 0052 151939 00030 0000000000 FOC
20181224 0007 153015 00030 0000000000 CPRP
20181224 0150 153503 00030 0000000000 CPRP
20181224 0030 155205 00030 0000000000 Paid
20181224 0052 155317 00030 0000000000 Paid
20181224 0069 155833 00030 0000000000 Paid
20181224 0039 160734 00030 0000000000 Paid
20181224 0024 162053 00030 0000000000 Paid
20181224 0150 162249 00030 0000000000 CPRP
20181224 0007 163326 00030 0000000000 CPRP
20181224 0069 163350 00030 0000000000 Paid
20181224 0015 164107 00030 0000000000 FOC
20181224 0052 164209 00030 0000000000 FOC
20181224 0052 164705 00030 0000000000 Paid
20181224 0055 170100 00030 0000000000 Paid
20181224 0041 170119 00030 0000000000 FOC
20181224 0052 170537 00030 0000000000 FOC
20181224 0052 170537 00030 0000000000 Paid
20181224 0150 171420 00030 0000000000 CPRP
20181224 0053 171904 00030 0000000000 FOC
20181224 0039 172451 00030 0000000000 Paid
20181224 0007 173816 00030 0000000000 CPRP
20181224 0015 174710 00030 0000000000 FOC
20181224 0015 175019 00030 0000000000 Paid
20181224 0069 175627 00030 0000000000 Paid
20181224 0015 181232 00030 0000000000 FOC
20181224 0039 181621 00030 0000000000 FOC
20181224 0039 181621 00030 0000000000 Paid
20181224 0041 181902 00030 0000000000 Paid
20181224 0150 182047 00030 0000000000 FOC
20181224 0150 182047 00030 0000000000 CPRP
20181224 0069 183916 00030 0000000000 FOC
20181224 0069 183916 00030 0000000000 Paid
20181224 0024 184042 00030 0000000000 Paid
20181224 0052 184120 00030 0000000000 Paid
20181224 0052 184131 00030 0000000000 FOC
20181224 0034 184425 00030 0000000000 FOC
20181224 0007 184549 00030 0000000000 CPRP
20181224 0007 184559 00030 0000000000 FOC
20181224 0030 185915 00030 0000000000 Paid
20181224 0052 190107 00030 0000000000 FOC
20181224 0052 190230 00030 0000000000 Paid
20181224 0035 191106 00030 0000000000 Paid
20181224 0039 191144 00030 0000000000 FOC
20181224 0007 191250 00030 0000000000 FOC
20181224 0058 191252 00030 0000000000 Paid
20181224 0007 191300 00030 0000000000 CPRP
20181224 0150 191956 00030 0000000000 FOC
20181224 0150 191956 00030 0000000000 CPRP
20181224 0015 192740 00030 0000000000 FOC
20181224 0034 194400 00030 0000000000 FOC
20181224 0039 200824 00030 0000000000 Paid
20181224 0039 200908 00030 0000000000 FOC
20181224 0015 201235 00030 0000000000 FOC
20181224 0007 201758 00030 0000000000 FOC
20181224 0007 201954 00030 0000000000 CPRP
20181224 0053 202202 00030 0000000000 Paid
20181224 0058 203608 00030 0000000000 Paid
20181224 0052 203730 00030 0000000000 Paid
20181224 0052 203745 00030 0000000000 FOC
20181224 0034 203756 00030 0000000000 FOC
20181224 0069 204354 00030 0000000000 Paid
20181224 0150 205301 00030 0000000000 FOC
20181224 0150 205301 00030 0000000000 CPRP
20181224 0039 210814 00030 0000000000 FOC
20181224 0034 212559 00030 0000000000 FOC
20181224 0058 213652 00030 0000000000 Paid
20181224 0007 214356 00030 0000000000 FOC
20181224 0007 214356 00030 0000000000 CPRP
20181224 0052 214726 00030 0000000000 Paid
20181224 0052 214736 00030 0000000000 FOC
20181224 0069 214754 00030 0000000000 Paid
20181224 0150 215125 00030 0000000000 FOC
20181224 0150 215125 00030 0000000000 CPRP
20181224 0015 215548 00030 0000000000 FOC
20181224 0052 220122 00030 0000000000 FOC
20181224 0052 220357 00030 0000000000 Paid
20181224 0039 220858 00030 0000000000 FOC
20181224 0150 221642 00030 0000000000 FOC
20181224 0150 221642 00030 0000000000 CPRP
20181224 0069 221823 00030 0000000000 Paid
20181224 0015 223227 00030 0000000000 FOC
20181224 0007 224623 00030 0000000000 CPRP
20181224 0015 231253 00030 0000000000 FOC
20181224 0015 231253 00030 0000000000 Paid
20181224 0150 231348 00030 0000000000 CPRP
20181224 0034 232232 00030 0000000000 Paid
20181224 0007 232355 00030 0000000000 CPRP
20181224 0039 235357 00030 0000000000 FOC
20181225 0015 004335 00030 0000000000 FOC
20181225 0069 004723 00030 0000000000 Paid
20181225 0052 070534 00030 0000000000 FOC
20181225 0052 070534 00030 0000000000 Paid
20181225 0024 071654 00030 0000000000 Paid
20181225 0052 080531 00030 0000000000 FOC
20181225 0052 080531 00030 0000000000 Paid
20181225 0015 081238 00030 0000000000 FOC
20181225 0069 084918 00030 0000000000 Paid
20181225 0024 085305 00030 0000000000 Paid
20181225 0039 093035 00030 0000000000 Paid
20181225 0007 093412 00030 0000000000 CPRP
20181225 0052 094500 00030 0000000000 Paid
20181225 0015 094836 00030 0000000000 FOC
20181225 0015 094836 00030 0000000000 Paid
20181225 0052 095011 00030 0000000000 FOC
20181225 0052 101037 00030 0000000000 FOC
20181225 0007 103020 00030 0000000000 CPRP
20181225 0039 104358 00030 0000000000 Paid
20181225 0015 104416 00030 0000000000 FOC
20181225 0015 104508 00030 0000000000 Paid
20181225 0150 105641 00030 0000000000 CPRP
20181225 0030 110301 00030 0000000000 Paid
20181225 0052 110402 00030 0000000000 FOC
20181225 0007 111624 00030 0000000000 CPRP
20181225 0024 112354 00030 0000000000 Paid
20181225 0015 114638 00030 0000000000 FOC
20181225 0015 114702 00030 0000000000 Paid
20181225 0030 120351 00030 0000000000 Paid
20181225 0150 121603 00030 0000000000 CPRP
20181225 0052 123526 00030 0000000000 FOC
20181225 0007 123918 00030 0000000000 CPRP
20181225 0015 124603 00030 0000000000 Paid
20181225 0015 124750 00030 0000000000 FOC
20181225 0039 131246 00030 0000000000 Paid
20181225 0007 132015 00030 0000000000 CPRP
20181225 0069 134536 00030 0000000000 Paid
20181225 0015 134610 00030 0000000000 FOC
20181225 0053 135002 00030 0000000000 Paid
20181225 0030 140827 00030 0000000000 Paid
20181225 0039 142948 00030 0000000000 Paid
20181225 0007 143940 00030 0000000000 CPRP
20181225 0069 144134 00030 0000000000 Paid
20181225 0053 145014 00030 0000000000 Paid
20181225 0015 145421 00030 0000000000 FOC
20181225 0015 145450 00030 0000000000 Paid
20181225 0150 152535 00030 0000000000 CPRP
20181225 0039 152921 00030 0000000000 Paid
20181225 0053 153249 00030 0000000000 Paid
20181225 0015 153314 00030 0000000000 Paid
20181225 0015 153423 00030 0000000000 FOC
20181225 0052 153957 00030 0000000000 FOC
20181225 0007 154304 00030 0000000000 CPRP
20181225 0069 154832 00030 0000000000 Paid
20181225 0007 161759 00030 0000000000 CPRP
20181225 0052 163622 00030 0000000000 FOC
20181225 0015 163952 00030 0000000000 FOC
20181225 0069 164342 00030 0000000000 Paid
20181225 0150 164745 00030 0000000000 CPRP
20181225 0030 165519 00030 0000000000 Paid
20181225 0053 171356 00030 0000000000 FOC
20181225 0052 171823 00030 0000000000 Paid
20181225 0052 171929 00030 0000000000 FOC
20181225 0039 172420 00030 0000000000 Paid
20181225 0007 172833 00030 0000000000 CPRP
20181225 0069 173157 00030 0000000000 Paid
20181225 0150 173753 00030 0000000000 CPRP
20181225 0015 174653 00030 0000000000 FOC
20181225 0015 174653 00030 0000000000 Paid
20181225 0015 181218 00030 0000000000 FOC
20181225 0150 181646 00030 0000000000 FOC
20181225 0150 181646 00030 0000000000 CPRP
20181225 0039 182504 00030 0000000000 FOC
20181225 0039 182504 00030 0000000000 Paid
20181225 0024 182650 00030 0000000000 Paid
20181225 0030 183131 00030 0000000000 Paid
20181225 0069 184158 00030 0000000000 FOC
20181225 0069 184307 00030 0000000000 Paid
20181225 0052 184406 00030 0000000000 Paid
20181225 0034 184439 00030 0000000000 FOC
20181225 0052 184601 00030 0000000000 FOC
20181225 0007 184647 00030 0000000000 CPRP
20181225 0007 184848 00030 0000000000 FOC
20181225 0039 190425 00030 0000000000 FOC
20181225 0007 191038 00030 0000000000 FOC
20181225 0007 191327 00030 0000000000 CPRP
20181225 0015 192822 00030 0000000000 FOC
20181225 0052 193434 00030 0000000000 FOC
20181225 0052 193434 00030 0000000000 Paid
20181225 0034 193553 00030 0000000000 FOC
20181225 0150 193800 00030 0000000000 FOC
20181225 0150 193800 00030 0000000000 CPRP
20181225 0069 194446 00030 0000000000 Paid
20181225 0058 194505 00030 0000000000 Paid
20181225 0039 201057 00030 0000000000 FOC
20181225 0034 202123 00030 0000000000 FOC
20181225 0052 202232 00030 0000000000 Paid
20181225 0052 202409 00030 0000000000 FOC
20181225 0150 204603 00030 0000000000 FOC
20181225 0150 204603 00030 0000000000 CPRP
20181225 0007 204706 00030 0000000000 FOC
20181225 0007 204706 00030 0000000000 CPRP
20181225 0015 205350 00030 0000000000 FOC
20181225 0053 205647 00030 0000000000 Paid
20181225 0150 213539 00030 0000000000 FOC
20181225 0150 213539 00030 0000000000 CPRP
20181225 0052 213741 00030 0000000000 FOC
20181225 0052 213741 00030 0000000000 Paid
20181225 0034 214153 00030 0000000000 FOC
20181225 0007 214715 00030 0000000000 FOC
20181225 0007 214715 00030 0000000000 CPRP
20181225 0039 215426 00030 0000000000 FOC
20181225 0015 215725 00030 0000000000 FOC
20181225 0034 220120 00030 0000000000 Paid
20181225 0015 221059 00030 0000000000 FOC
20181225 0150 221434 00030 0000000000 CPRP
20181225 0007 222051 00030 0000000000 CPRP
20181225 0069 222750 00030 0000000000 Paid
20181225 0039 223506 00030 0000000000 FOC
20181225 0052 223749 00030 0000000000 FOC
20181225 0052 223749 00030 0000000000 Paid
20181225 0055 225112 00030 0000000000 Paid
20181225 0015 231129 00030 0000000000 FOC
20181225 0007 232828 00030 0000000000 CPRP
20181225 0150 235405 00030 0000000000 CPRP
20181225 0039 235505 00030 0000000000 FOC
